7550398731590,75
7550398922063,77
7550398991694,77
7550399310157,77
7550399498573,75
7550399565135,77
7550399688013,75
7550399750474,75
7550399892815,77
7550399992142,78
7550400109909,79
7550400233809,77
7550400346450,79
7550400486741,81
7550400663889,75
7550563475768,69
7552340862275,75
7553190030660,70
7553411593526,71
7553420036450,83
7553420244316,81
7553420349791,81
7553420458333,79
7553420560734,81
7553420681596,89
7553420784970,81
7553420892508,83
7553420994915,81
7553421102433,81
7553421204830,79
7553421305165,79
7553421409632,83
7553421534569,83
7553421635945,83
7553421738342,81
7553421839716,85
7553421947241,85
7553422054759,83
7553422166377,85
7553422264688,85
7553422371175,83
7553422472548,85
7553422680423,85
7553422783853,85
7553422888297,83
7553423007078,83
7553423159667,77
7553423269235,80
7553423383908,85
7553423492462,79
7553423591791,81
7553423702377,81
7553423803755,79
7553423902055,81
7553424014694,81
7553424111974,83
7553424219494,79
7553424329066,83
7553424433520,83
7553424543078,81
7553424643431,85
7553424746864,79
7553424860523,79
7553424960870,81
7553425071471,83
7553425167718,79
7553425283432,81
7553425486183,81
7553425596780,81
7553425698155,81
7553425805670,77
7553425910119,83
7553426015596,81
7553426127204,83
7553426219367,83
7553426325866,83
7553426434405,81
7553426538864,81
7553426642284,79
7553426748775,77
7553426853232,81
7553426956658,83
7553427061100,79
7553427170668,81
7553427280228,83
7553427376488,81
7553427481961,83
7553427595622,79
7553427694951,81
7553427799399,79
7553427917164,79
7553428012395,81
7553428119915,80
7553428230503,81
7553428323692,81
7553428430181,81
7553428543846,81
7553428646260,87
7553428751721,79
7553428857190,83
7553428957545,83
7553429061989,81
7553429173608,81
7553429271914,79
7553429388653,83
7553429590381,83
7553429703016,81
7553429795181,81
7553429902698,81
7553430007146,81
7553430112621,81
7553430219112,81
7553430317413,83
7553430428013,83
7553430523236,83
7553430629738,81
7553430732152,97
7553430849896,81
7553430941038,85
7553431052649,83
7553431154022,81
7553431256428,79
7553431359850,81
7553431466343,83
7553431580013,79
7553431674216,79
7553431782757,79
7553431886188,81
7553431997798,83
7553432095080,83
7553432197478,83
7553432300902,83
7553432407401,79
7553432513896,81
7553432630633,85
7553432721771,81
7553432829284,83
7553432933735,79
7553433037161,83
7553433137510,79
7553433242982,83
7553433346415,83
7553433461094,81
7553433555305,81
7553433660804,83
7553433770350,79
7553433881967,81
7553433989509,91
7553434077552,83
7553434184063,83
7553434302868,85
7553434510722,91
7553434612104,96
7553434709378,85
7553434815889,97
7553435026814,91
7553435125119,94
7553435227521,81
7553435334016,85
7553435435403,87
7553435541896,95
7553435644290,87
7553435753010,83
7553435853160,79
7553435960684,83
7553436065130,83
7553436279149,83
7553436380520,81
7553436497263,79
7553436615052,87
7553436724586,83
7553436821864,79
7553436928363,81
7553437031789,79
7553437241708,81
7553437349225,79
7553437460844,79
7553437560169,80
7553437768043,81
7553437872492,81
7553437986151,83
7553438089579,83
7553438192999,77
7553438303592,85
7553438419302,80
7553438516588,81
7553438627178,81
7553438729580,79
7553438848361,79
7553438948716,85
7553439138157,83
7553439262013,31
7553439374664,35
7553439522117,36
7553439727949,32
7553439836500,32
7553439940949,37
7553440044363,34
7553440161091,33
7553440266572,33
7553440377160,36
7553440473418,39
7553440574790,34
7553440920934,83
7553441035628,85
7553441143149,85
7553441250671,83
7553441357160,83
7553441469805,87
7553441572198,83
7553441685862,85
7553441785191,83
7553441893740,87
7553441996136,87
7553442105710,83
7553442208106,85
7553442311526,83
7553442518382,85
7553442623849,83
7553442725226,83
7553442829669,83
7553442932070,83
7553443247468,85
7553443353962,85
7553443455343,85
7553443561834,85
7553443769702,85
7553443978599,85
7553444083056,85
7553444210028,85
7553444296040,83
7553444398440,83
7553444506991,83
7553444583815,95
7553444792684,85
7553444909426,81
7553445105002,85
7553445210475,83
7553445322084,85
7553445430630,85
7553445542248,83
7553445635433,87
7553445742951,83
7553445847405,83
7553446063466,85
7553446185326,85
7553446597994,81
7553446701418,81
7553446801775,85
7553446910319,85
7553447017843,83
7553447143788,83
7553447340397,83
7553447452016,85
7553447673192,85
7553447773550,83
7553447998822,83
7553448125808,83
7553448223078,85
7553448431978,81
7553448652135,83
7553448765808,89
7553448862056,81
7553449077095,83
7553449204069,81
7553449431404,81
7553449524599,87
7553449635191,87
7553449737583,85
7553449854331,95
7553449948534,85
7553450058106,85
7553450158453,87
7553450259831,87
7553450372476,87
7553450469752,87
7553450577275,87
7553450678647,83
7553450786162,85
7553450898805,87
7553450996089,87
7553451098485,87
7553451207035,86
7553451312506,87
7553451416950,85
7553451536757,83
7553451618682,85
7553451733808,85
7553451835770,87
7553451937145,87
7553452043638,85
7553452155257,87
7553452255604,89
7553452358008,85
7553452456310,87
7553452609927,91
7553452687753,94
7553452788100,92
7553452874106,89
7553453002106,85
7553453090165,87
7553453187451,89
7553453292918,87
7553453397366,89
7553453516156,91
7553453613430,83
7553453826424,85
7553453925752,87
7553454031223,87
7553454136698,85
7553454239094,89
7553454352761,89
7553454468469,85
7553454555506,83
7553454666104,85
7553454764411,87
7553454952823,83
7553455060344,83
7553455170961,94
7553455281709,99
7553455382902,87
7553455488379,83
7553455596919,85
7553455704432,81
7553455807856,83
7553455913339,83
7553456014709,83
7553456126327,81
7553456241019,83
7553456333174,85
7553456446839,83
7553456557436,83
7553456648570,83
7553456762231,85
7553456862584,83
7553456960880,83
7553457083769,86
7553457171832,84
7553457278325,83
7553457398138,81
7553457534317,81
7553457597796,79
7553457696102,79
7553457813861,81
7553457912172,83
7553458018667,83
7553458129255,83
7553458222444,83
7553458326888,79
7553458442602,81
7553458536811,83
7553458644327,79
7553458749800,79
7553458857323,81
7553458957676,83
7553459062122,79
7553459168620,83
7553459279212,83
7553459380585,81
7553459481961,81
7553459589476,81
7553459694951,79
7553459797353,83
7553459901795,77
7553460009325,81
7553460117860,79
7553460229477,79
7553460322670,81
7553460459879,81
7553460514189,99
7553460616551,81
7553460723048,85
7553460828526,81
7553460935015,81
7553461039464,83
7553461138793,85
7553461258604,83
7553461349740,83
7553461452136,85
7553461557609,85
7553461668201,81
7553461766505,81
7553461870952,84
7553461974378,85
7553462088041,83
7553462183275,85
7553462286689,83
7553462394214,83
7553462497636,85
7553462600038,83
7553462710634,83
7553462809957,83
7553462913381,83
7553463016807,85
7553463124335,85
7553463230824,83
7553463336295,83
7553463434605,83
7553463544165,83
7553463648617,85
7553463746920,83
7553463854439,85
7553463955821,85
7553464065379,85
7553464167784,83
7553464271213,83
7553464377702,83
7553464483174,85
7553464582509,83
7553464699240,85
7553464796518,79
7553464899948,83
7553465003366,85
7553465118056,83
7553465211242,83
7553465327977,81
7553465428330,85
7553465533800,83
7553465648488,83
7553465744746,83
7553465844069,85
7553465948521,85
7553466055024,83
7553466158440,81
7553466262891,83
7553466371436,83
7553466479976,83
7553466681707,85
7553466785127,81
7553466896743,85
7553466991975,85
7553467100519,85
7553467200874,85
7553467313509,85
7553467429223,83
7553467528552,81
7553467639142,79
7553467747686,83
7553467849069,83
7553467954542,83
7553468057960,81
7553468158309,77
7553468271979,83
7553468368234,77
7553468477847,96
7553468588393,82
7553468689770,81
7553468794217,83
7553468897635,81
7553469001071,83
7553469132140,83
7553469222250,85
7553469422954,81
7553469529445,81
7553469641072,85
7553469741419,83
7553469847910,85
7553469948265,83
7553470053734,79
7553470163304,79
7553470265705,81
7553470378347,81
7553470474604,79
7553470581099,81
7553470693736,81
7553470795108,77
7553470906737,85
7553471008104,79
7553471119717,81
7553471234411,81
7553471321449,83
7553471431021,81
7553471531372,79
7553471636841,81
7553471748456,79
7553471848811,81
7553471968618,81
7553472165231,81
7553472374124,81
7553472482670,82
7553472581997,83
7553472686439,83
7553472793960,81
7553472900461,81
7553473021293,81
7553473109354,83
7553473214827,79
7553473323369,83
7553473428841,83
7553473742181,79
7553473845605,79
7553473951082,81
7553474071911,79
7553474162029,81
7553474291054,81
7553474375017,81
7553474490729,83
7553474582890,83
7553474703719,81
7553474795882,81
7553474907503,81
7553475010915,81
7553475113320,81
7553475223917,83
7553475328355,79
7553475436901,81
7553475544430,79
7553475764589,83
7553475892587,81
7553475984745,79
7553476093283,79
7553476199790,81
7553476308334,81
7553476420967,79
7553476534635,81
7553476638061,79
7553476747623,80
7553476862311,81
7553476967789,83
7553477073262,83
7553477189995,83
7553477419374,81
7553477520750,83
7553477630310,79
7553477846379,82
7553477959012,79
7553478061416,83
7553478166890,81
7553478269292,85
7553478375789,81
7553478495593,83
7553478623589,83
7553478736242,83
7553478841707,81
7553478954344,83
7553479062894,81
7553479169387,85
7553479287143,85
7553479388521,81
7553479598442,81
7553479706194,81
7553479813509,91
7553479927144,83
7553480248678,83
7553480348005,81
7553480558958,81
7553480888685,79
7553481018734,85
7553481106799,81
7553481205099,81
7553481314667,81
7553481418091,77
7553481647481,87
7553481756025,83
7553481858425,87
7553481956725,83
7553482076535,83
7553482184060,85
7553482276216,85
7553482400121,81
7553482497401,83
7553482602870,87
7553482799475,81
7553482906994,85
7553483033978,85
7553483116915,85
7553483231609,83
7553483354488,87
7553483542906,83
7553483642234,83
7553483749746,87
7553483858294,85
7553483972989,87
7553484064119,85
7553484187002,86
7553484299641,83
7553484378485,83
7553484494197,87
7553484616057,85
7553484705140,83
7553484803441,87
7553484918139,87
7553485012338,85
7553485129080,81
7553485233529,83
7553485328762,83
7553485445494,85
7553485545850,85
7553485676907,79
7553485774183,79
7553485876586,85
7553485987179,85
7553486085483,77
7553486194025,83
7553486295398,85
7553486417252,83
7553486520685,79
7553486622056,81
7553486721393,81
7553486828902,81
7553486929253,79
7553487144294,81
7553487242606,81
7553487352178,83
7553487451497,77
7553487565161,81
7553487665520,81
7553487767913,81
7553487875431,79
7553487977837,81
7553488090470,81
7553488187754,85
7553488295273,83
7553488399726,85
7553488510310,81
7553488611691,83
7553488716136,85
7553488821608,83
7553488924012,83
7553489037670,83
7553489138023,81
7553489239400,83
7553489343849,83
7553489453419,79
7553489553768,79
7553489659244,81
7553489766768,83
7553489895821,87
7553490000277,95
7553490105734,98
7553490209132,79
7553490320746,83
7553490421104,85
7553490523497,81
7553490637159,81
7553490742635,81
7553490838889,81
7553490958695,81
7553491054958,81
7553491154279,81
7553491259756,81
7553491365229,81
7553491469669,81
7553491583338,83
7553491680614,83
7553491797355,81
7553491898734,83
7553492109676,81
7553492312427,85
7553492424041,83
7553492528494,83
7553492626800,81
7553492734316,81
7553492837738,83
7553492953452,81
7553493050726,81
7553493165424,83
7553493292397,83
7553493384550,85
7553493480813,85
7553493636489,91
7553493832047,79
7553493938536,79
7553494055279,81
7553494254954,79
7553494371695,79
7553494468971,81
7553494578537,79
7553494674793,79
7553494786410,79
7553494883698,83
7553494992239,81
7553495200112,83
7553495306607,79
7553495410027,81
7553495528834,85
7553495652723,81
7553495729524,81
7553495833965,77
7553496049006,83
7553496166768,85
7553496360302,85
7553496464738,81
7553496576373,91
7553496693138,91
7553496799619,85
7553496885609,81
7553496994155,83
7553497093484,79
7553497203064,81
7553497304449,91
7553497412971,83
7553497529738,93
7553497640340,93
7553497740661,81
7553497845122,97
7553497950882,85
7553498055018,85
7553498161517,79
7553498266990,83
7553498391919,79
7553498489195,81
7553498586473,81
7553498690924,81
7553498794348,81
7553498905961,81
7553499028849,79
7553499109742,81
7553499221355,83
7553499325801,81
7553499427174,79
7553499538799,79
7553499642221,83
7553499741542,79
7553499850098,85
7553499959662,83
7553500057962,85
7553500162409,83
7553500267889,79
7553500371318,89
7553500481900,81
7553500583275,83
7553500689770,81
7553500795239,81
7553500902759,81
7553501107568,83
7553501220199,81
7553501322603,81
7553501425005,81
7553501534567,81
7553501636974,83
7553501740392,81
7553501856105,79
7553501950316,83
7553502053736,79
7553502267754,81
7553502371178,77
7553502479722,79
7553502580075,83
7553502689641,79
7553502789992,81
7553502900587,81
7553503009126,85
7553503109482,81
7553503222125,81
7553503315303,77
7553503426918,81
7553503531373,85
7553503639912,81
7553503737192,81
7553503844714,79
7553503950180,77
7553504053611,79
7553504160106,83
7553504273765,79
7553504372080,81
7553504578920,81
7553504681327,81
7553504786796,83
7553504902502,79
7553504996734,97
7553505106277,81
7553505209705,81
7553505319276,83
7553505419623,85
7553505523051,79
7553505628521,81
7553505744232,79
7553505946986,85
7553506048360,81
7553506261354,79
7553506363752,81
7553506573673,80
7553506684265,83
7553506784618,81
7553506896233,81
7553506999655,83
7553507115371,83
7553507217771,81
7553507313004,85
7553507415402,81
7553507519848,83
7553507631461,81
7553507737958,81
7553507838313,79
7553507944808,83
7553508054375,83
7553508160872,83
7553508262251,83
7553508361580,79
7553508572523,83
7553508677992,81
7553508783471,79
7553508900203,81
7553509099889,79
7553509206378,79
7553509421419,83
7553509521772,81
7553509624174,83
7553509728622,83
7553509838182,81
7553510053229,81
7553510149481,82
7553510256996,83
7553510369639,79
7553510472041,85
7553510575465,79
7553510696301,85
7553510787435,81
7553510886764,81
7553511004529,83
7553511096685,81
7553511203178,79
7553511309673,83
7553511413099,85
7553511523690,83
7553511620972,77
7553511728497,81
7553511831921,83
7553511942514,81
7553512055145,81
7553512157552,83
7553512251751,83
7553512356200,83
7553512467821,83
7553512566125,83
7553512672622,79
7553512791409,79
7553512884588,83
7553512989038,81
7553513095531,83
7553513197929,81
7553513310572,81
7553513429361,81
7553513512299,83
7553513631080,83
7553513722224,79
7553513829743,83
7553513938279,83
7553514044782,83
7553514154340,85
7553514259821,81
7553514353004,79
7553514461545,83
7553514583404,83
7553514679655,77
7553514782059,79
7553514882414,81
7553514990950,83
7553515094384,83
7553515193705,83
7553515304297,83
7553515414894,79
7553515512174,77
7553515615592,81
7553515731308,79
7553515833709,79
7553515939172,81
7553516049773,79
7553516147049,83
7553516262757,77
7553516351848,77
7553516457319,81
7553516562794,83
7553516666222,85
7553516771694,81
7553516880228,81
7553516981612,83
7553517090151,81
7553517196650,81
7553517297006,83
7553517408612,81
7553517513063,85
7553517618535,81
7553517720933,81
7553517827432,81
7553517928814,79
7553518140779,83
7553518244202,79
7553518360936,81
7553518459240,81
7553518558567,81
7553518678377,81
7553518771565,83
7553518877030,83
7553518985578,81
7553519084902,81
7553519196519,83
7553519304043,83
7553519403373,83
7553519714670,83
7553519828329,81
7553519925612,83
7553520030056,81
7553520150888,79
7553520241001,81
7553520347498,79
7553520556397,79
7553520665961,79
7553520770410,83
7553520872814,81
7553520985449,83
7553521197421,81
7553521293670,81
7553521406317,81
7553521508715,83
7553521618281,81
7553521721707,81
7553521825133,81
7553521926501,81
7553522034026,79
7553522138475,81
7553522238830,79
7553522350448,81
7553522453868,81
7553522685329,97
7553522781548,85
7553522884970,83
7553522999660,81
7553523103078,83
7553523200368,83
7553523305837,87
7553523418470,83
7553523532136,81
7553523637610,85
7553523727722,85
7553523839331,85
7553523955053,85
7553524045159,85
7553524145516,83
7553524466025,85
7553524569451,83
7553524686190,87
7553524787561,83
7553524882795,85
7553525091689,85
7553525203310,85
7553525413229,85
7553525510509,87
7553525725540,83
7553525826918,81
7553525930344,81
7553526039910,81
7553526247788,87
7553526349160,81
7553526471020,83
7553526564203,85
7553526669675,83
7553526770030,81
7553526875501,81
7553526984037,83
7553527093605,81
7553527194990,85
7553527295337,85
7553527399784,83
7553527508334,85
7553527612776,85
7553527715176,85
7553527821673,83
7553527935340,87
7553528030570,85
7553528136040,85
7553528245606,81
7553528350057,80