7553420142829,79
7553420249332,81
7553420453110,78
7553420558584,79
7553420680447,83
7553420792055,79
7553420914926,77
7553420992753,77
7553421204723,77
7553421630716,83
7553421755649,83
7553421950211,79
7553422054657,79
7553422162179,81
7553422260471,81
7553422366976,79
7553422789879,79
7553423270140,80
7553423399170,79
7553423593734,83
7553423807741,81
7553424334078,75
7553424546048,81
7553424653570,77
7553424855296,79
7553425067260,79
7553425193211,81
7553425484029,77
7553425588484,81
7553425802496,81
7553426021630,81
7553426222332,79
7553426341115,79
7553426431225,77
7553426642181,78
7553426857218,79
7553426955524,81
7553427071234,77
7553427276027,75
7553427397888,77
7553427587328,75
7553427700985,77
7553427809537,81
7553428114688,81
7553428330747,81
7553428747522,79
7553428864255,78
7553429273852,79
7553429379326,77
7553429485819,81
7553429584126,79
7553429801213,77
7553430007045,77
7553430113532,79
7553430230267,77
7553430423809,79
7553430736125,79
7553430839551,77
7553430947069,81
7553431155970,78
7553431262471,79
7553431361785,81
7553431577855,76
7553431891196,79
7553431999740,79
7553432199419,81
7553432726777,79
7553432825084,83
7553433143555,77
7553433241861,81
7553433351421,79
7553433554174,79
7553433763075,77
7553433985324,95
7553434200337,81
7553434495228,81
7553434601727,77
7553434925314,75
7553435136251,77
7553435230464,77
7553435553030,77
7553435873540,81
7553435957499,81
7553436385539,79
7553436484857,79
7553436608784,87
7553436717314,77
7553436929276,81
7553437031683,79
7553437149440,77
7553437248767,79
7553437468925,79
7553437560057,77
7553437787398,79
7553437880573,75
7553438196989,79
7553438304515,81
7553438416134,79
7553438638351,91
7553438742793,89
7553438838033,83
7553438947589,85
7553439138051,81
7553439365390,89
7553439754519,86
7553439803661,94
7553439904040,99
7553440010525,91
7553440048397,89
7553440102659,87
7553440153864,85
7553440469252,87
7553440577800,92
7553440946435,81
7553441143036,83
7553441252600,83
7553441365247,83
7553441996031,85
7553442205940,81
7553442412800,83
7553442627837,83
7553442728188,83
7553442953499,79
7553443148034,81
7553443460353,79
7553443562749,77
7553443772672,83
7553443879165,83
7553444442407,87
7553444501752,81
7553444699381,81
7553445215490,81
7553445433597,83
7553445525756,83
7553445649671,83
7553445745949,89
7553445848320,83
7553446389008,87
7553446811916,91
7553447031060,94
7553447343371,93
7553447593225,93
7553447685393,91
7553447890177,91
7553448540429,95
7553448864012,89
7553448971523,81
7553449097483,89
7553449410820,87
7553449951488,83
7553450164492,83
7553450260742,83
7553450368263,85
7553450468618,87
7553450573061,87
7553450684675,81
7553450791177,87
7553451107595,86
7553451409670,83
7553451620618,86
7553451833610,85
7553451937032,85
7553452260615,87
7553452351751,85
7553452555526,85
7553452660998,85
7553452875013,83
7553452983559,83
7553453399308,86
7553453507843,85
7553453611268,87
7553453818116,87
7553454130441,85
7553454340358,87
7553454448901,85
7553454554376,83
7553454660875,87
7553454773535,97
7553454957835,83
7553455061271,79
7553455173900,83
7553455274249,85
7553455383820,85
7553455487246,81
7553455918382,79
7553456023822,79
7553456230662,85
7553456339214,85
7553456436490,83
7553456548103,83
7553456655633,83
7553456869637,83
7553457066248,83
7553457277201,83
7553457381644,85
7553457490190,81
7553457596670,79
7553457801468,79
7553458016509,75
7553458439420,79
7553458641132,79
7553458757887,77
7553459075328,77
7553459270910,79
7553459396863,77
7553459489020,79
7553459902722,77
7553460007165,77
7553460111591,79
7553460442374,85
7553460522291,87
7553460615421,85
7553460720333,86
7553460955385,81
7553461145854,85
7553461243134,80
7553461466367,83
7553461561599,79
7553461783802,81
7553461882108,79
7553461975291,81
7553462185210,81
7553462612219,85
7553462710529,83
7553462811903,83
7553463024893,80
7553463226623,79
7553463331070,81
7553463537920,81
7553463762176,83
7553463975158,83
7553464175866,81
7553464269049,81
7553464393980,85
7553465103616,81
7553465225466,81
7553465963771,81
7553466055933,79
7553466472703,79
7553466600701,82
7553467201787,79
7553467314432,77
7553467429114,79
7553467530497,81
7553467650303,79
7553467953412,81
7553468158206,79
7553468264709,79
7553468384510,75
7553468580095,79
7553468707067,75
7553468791038,81
7553469108479,79
7553469337859,77
7553469531394,77
7553469632778,95
7553469739277,87
7553469961486,83
7553470808329,81
7553470900477,79
7553471005954,83
7553471332612,79
7553471439101,77
7553471636744,83
7553471758594,81
7553471853827,79
7553472163069,81
7553472377090,83
7553472482567,79
7553472691453,79
7553472904447,75
7553473015034,77
7553473111290,81
7553473225989,79
7553473330432,79
7553473428740,77
7553473534207,79
7553473635580,79
7553473767680,79
7553473848572,81
7553474274555,79
7553474380034,81
7553474476289,81
7553474689275,81
7553474799870,79
7553474900221,79
7553475114233,77
7553475438859,89
7553475766545,81
7553475869959,81
7553475977472,79
7553476098308,77
7553476208892,79
7553476541696,78
7553476639998,77
7553476886800,89
7553476967680,81
7553477073149,81
7553477183745,77
7553477307654,79
7553477516541,79
7553478173951,81
7553478494467,81
7553478734086,85
7553478840577,81
7553479064833,77
7553479512353,93
7553479715097,91
7553480246542,87
7553480352019,89
7553480456470,91
7553480783115,89
7553480891663,89
7553481207053,92
7553481310851,89
7553481856263,83
7553481964808,81
7553482065164,81
7553482275081,83
7553482694925,83
7553482904844,83
7553483555084,81
7553483755789,83
7553483869452,83
7553484066057,83
7553484278031,83
7553484388617,83
7553484487950,83
7553484712198,85
7553484802311,81
7553484907786,79
7553485123843,81
7553485339908,81
7553485438225,83
7553485541647,81
7553485670657,81
7553486195962,79
7553486508281,77
7553486614784,79
7553486832890,81
7553486934271,77
7553487049976,79
7553487255803,77
7553487470846,81
7553487663362,81
7553488196857,79
7553488400643,77
7553488503040,77
7553488615677,79
7553488818434,79
7553489139966,79
7553489238275,77
7553489573115,79
7553489893636,75
7553490108669,77
7553490210045,81
7553490420988,77
7553490523394,81
7553490851070,81
7553491050754,77
7553491369213,79
7553491470596,77
7553491805438,79
7553491896572,75
7553492317441,81
7553492416766,81
7553492523261,77
7553492634880,79
7553492736257,81
7553493055746,79
7553493596432,36
7553493831952,83
7553493939486,79
7553494149378,79
7553494252794,77
7553494358275,79
7553494469890,77
7553494578434,81
7553495094528,77
7553495198978,77
7553495312642,83
7553495412995,83
7553495532804,79
7553495947517,79
7553496154367,79
7553496252673,77
7553496366337,79
7553497199869,81
7553497424150,83
7553497539839,79
7553498280201,81
7553498483973,79
7553498689788,81
7553498794241,79
7553499109635,77
7553499214079,79
7553499530501,81
7553499635970,81
7553499845883,79
7553499964668,79
7553500065019,79
7553500172545,79
7553500284160,77
7553500379399,83
7553500810531,85
7553501114623,81
7553501425918,77
7553501535492,80
7553501634819,81
7553501751549,77
7553501853955,83
7553502168320,79
7553502373114,75
7553502486787,77
7553502904579,77
7553503108354,81
7553503219967,75
7553503319293,81
7553503736065,81
7553504054524,79
7553504472319,81
7553504584964,79
7553504895229,77
7553504998657,79
7553505213693,77
7553505315077,81
7553505417473,77
7553505548538,79
7553505845510,79
7553506161916,79
7553506363652,79
7553506891008,79
7553507009793,79
7553507100927,79
7553507207422,81
7553507420419,81
7553507627261,79
7553507838204,79
7553507950841,77
7553508057338,79
7553508378880,81
7553508575491,79
7553508785408,79
7553508890879,79
7553508993277,83
7553509100796,77
7553509310717,81
7553509518590,76
7553509846270,79
7553509947645,81
7553510364424,79
7553510569218,83
7553510675711,79
7553510993152,81
7553511097594,77
7553511202044,79
7553511410941,77
7553511514365,79
7553511623937,77
7553511730432,79
7553512048893,77
7553512152315,81
7553512263930,79
7553512467713,79
7553512882426,77
7553513513216,76
7553514354945,79
7553514471681,77
7553514565893,77
7553514682627,79
7553515307265,79
7553515406596,79
7553515512064,77
7553515622653,75
7553515719943,79
7553515938051,81
7553516038394,75
7553516144891,77
7553516252416,77
7553516352767,79
7553516793086,83
7553517086981,70